revenue

Pairwise comparison

(-383313.400650686, 241787.90663226543),(-350317.82580806303, 254703.67201703117),(-99697.308401096, -25352.30754065507),(-237773.6786040633, 206222.31820849003),(-318760.77696424344, 199349.11975897392),(-438632.3581333602, 316878.0660404488),(-329914.73887024896, 267410.8153883647),(-465907.68820842117, 365224.1686885598),(-253623.0321727241, 242601.9176583595),(-338707.8874554254, 253491.81071232757),(-113536.68774378725, 114037.42701300485),(-265616.2136248833, 274867.67522443633),(-184829.69692969407, 192685.84362808254),(-272003.44714589964, 292820.7066664201),(-98695.8247449863, 98322.00739001049),(-97109.90831162028, 93904.30587756005),(-76955.84259313116, 80503.20106464984),(-117027.60564394509, 111379.18833863377),(-79925.6142822644, 95717.40511424493),(nan, nan)
(-383313.400650686, 241787.90663226543),(-350317.82580806303, 254703.67201703117),(-99697.308401096, -25352.30754065507),(-237773.6786040633, 206222.31820849003),(-318760.77696424344, 199349.11975897392),(-438632.3581333602, 316878.0660404488),(-329914.73887024896, 267410.8153883647),(-465907.68820842117, 365224.1686885598),(-253623.0321727241, 242601.9176583595),(-338707.8874554254, 253491.81071232757),(-113536.68774378725, 114037.42701300485),(-265616.2136248833, 274867.67522443633),(-184829.69692969407, 192685.84362808254),(-272003.44714589964, 292820.7066664201),(-98695.8247449863, 98322.00739001049),(-97109.90831162028, 93904.30587756005),(-76955.84259313116, 80503.20106464984),(-117027.60564394509, 111379.18833863377),(-79925.6142822644, 95717.40511424493),(nan, nan)
(-383313.400650686, 241787.90663226543),(-350317.82580806303, 254703.67201703117),(-99697.308401096, -25352.30754065507),(-237773.6786040633, 206222.31820849003),(-318760.77696424344, 199349.11975897392),(-438632.3581333602, 316878.0660404488),(-329914.73887024896, 267410.8153883647),(-465907.68820842117, 365224.1686885598),(-253623.0321727241, 242601.9176583595),(-338707.8874554254, 253491.81071232757),(-113536.68774378725, 114037.42701300485),(-265616.2136248833, 274867.67522443633),(-184829.69692969407, 192685.84362808254),(-272003.44714589964, 292820.7066664201),(-98695.8247449863, 98322.00739001049),(-97109.90831162028, 93904.30587756005),(-76955.84259313116, 80503.20106464984),(-117027.60564394509, 111379.18833863377),(-79925.6142822644, 95717.40511424493),(nan, nan)
(-383313.400650686, 241787.90663226543),(-350317.82580806303, 254703.67201703117),(-99697.308401096, -25352.30754065507),(-237773.6786040633, 206222.31820849003),(-318760.77696424344, 199349.11975897392),(-438632.3581333602, 316878.0660404488),(-329914.73887024896, 267410.8153883647),(-465907.68820842117, 365224.1686885598),(-253623.0321727241, 242601.9176583595),(-338707.8874554254, 253491.81071232757),(-113536.68774378725, 114037.42701300485),(-265616.2136248833, 274867.67522443633),(-184829.69692969407, 192685.84362808254),(-272003.44714589964, 292820.7066664201),(-98695.8247449863, 98322.00739001049),(-97109.90831162028, 93904.30587756005),(-76955.84259313116, 80503.20106464984),(-117027.60564394509, 111379.18833863377),(-79925.6142822644, 95717.40511424493),(nan, nan)
(-383313.400650686, 241787.90663226543),(-350317.82580806303, 254703.67201703117),(-99697.308401096, -25352.30754065507),(-237773.6786040633, 206222.31820849003),(-318760.77696424344, 199349.11975897392),(-438632.3581333602, 316878.0660404488),(-329914.73887024896, 267410.8153883647),(-465907.68820842117, 365224.1686885598),(-253623.0321727241, 242601.9176583595),(-338707.8874554254, 253491.81071232757),(-113536.68774378725, 114037.42701300485),(-265616.2136248833, 274867.67522443633),(-184829.69692969407, 192685.84362808254),(-272003.44714589964, 292820.7066664201),(-98695.8247449863, 98322.00739001049),(-97109.90831162028, 93904.30587756005),(-76955.84259313116, 80503.20106464984),(-117027.60564394509, 111379.18833863377),(-79925.6142822644, 95717.40511424493),(nan, nan)
(-383313.400650686, 241787.90663226543),(-350317.82580806303, 254703.67201703117),(-99697.308401096, -25352.30754065507),(-237773.6786040633, 206222.31820849003),(-318760.77696424344, 199349.11975897392),(-438632.3581333602, 316878.0660404488),(-329914.73887024896, 267410.8153883647),(-465907.68820842117, 365224.1686885598),(-253623.0321727241, 242601.9176583595),(-338707.8874554254, 253491.81071232757),(-113536.68774378725, 114037.42701300485),(-265616.2136248833, 274867.67522443633),(-184829.69692969407, 192685.84362808254),(-272003.44714589964, 292820.7066664201),(-98695.8247449863, 98322.00739001049),(-97109.90831162028, 93904.30587756005),(-76955.84259313116, 80503.20106464984),(-117027.60564394509, 111379.18833863377),(-79925.6142822644, 95717.40511424493),(nan, nan)
(-383313.400650686, 241787.90663226543),(-350317.82580806303, 254703.67201703117),(-99697.308401096, -25352.30754065507),(-237773.6786040633, 206222.31820849003),(-318760.77696424344, 199349.11975897392),(-438632.3581333602, 316878.0660404488),(-329914.73887024896, 267410.8153883647),(-465907.68820842117, 365224.1686885598),(-253623.0321727241, 242601.9176583595),(-338707.8874554254, 253491.81071232757),(-113536.68774378725, 114037.42701300485),(-265616.2136248833, 274867.67522443633),(-184829.69692969407, 192685.84362808254),(-272003.44714589964, 292820.7066664201),(-98695.8247449863, 98322.00739001049),(-97109.90831162028, 93904.30587756005),(-76955.84259313116, 80503.20106464984),(-117027.60564394509, 111379.18833863377),(-79925.6142822644, 95717.40511424493),(nan, nan)
(-383313.400650686, 241787.90663226543),(-350317.82580806303, 254703.67201703117),(-99697.308401096, -25352.30754065507),(-237773.6786040633, 206222.31820849003),(-318760.77696424344, 199349.11975897392),(-438632.3581333602, 316878.0660404488),(-329914.73887024896, 267410.8153883647),(-465907.68820842117, 365224.1686885598),(-253623.0321727241, 242601.9176583595),(-338707.8874554254, 253491.81071232757),(-113536.68774378725, 114037.42701300485),(-265616.2136248833, 274867.67522443633),(-184829.69692969407, 192685.84362808254),(-272003.44714589964, 292820.7066664201),(-98695.8247449863, 98322.00739001049),(-97109.90831162028, 93904.30587756005),(-76955.84259313116, 80503.20106464984),(-117027.60564394509, 111379.18833863377),(-79925.6142822644, 95717.40511424493),(nan, nan)
(-383313.400650686, 241787.90663226543),(-350317.82580806303, 254703.67201703117),(-99697.308401096, -25352.30754065507),(-237773.6786040633, 206222.31820849003),(-318760.77696424344, 199349.11975897392),(-438632.3581333602, 316878.0660404488),(-329914.73887024896, 267410.8153883647),(-465907.68820842117, 365224.1686885598),(-253623.0321727241, 242601.9176583595),(-338707.8874554254, 253491.81071232757),(-113536.68774378725, 114037.42701300485),(-265616.2136248833, 274867.67522443633),(-184829.69692969407, 192685.84362808254),(-272003.44714589964, 292820.7066664201),(-98695.8247449863, 98322.00739001049),(-97109.90831162028, 93904.30587756005),(-76955.84259313116, 80503.20106464984),(-117027.60564394509, 111379.18833863377),(-79925.6142822644, 95717.40511424493),(nan, nan)
(-383313.400650686, 241787.90663226543),(-350317.82580806303, 254703.67201703117),(-99697.308401096, -25352.30754065507),(-237773.6786040633, 206222.31820849003),(-318760.77696424344, 199349.11975897392),(-438632.3581333602, 316878.0660404488),(-329914.73887024896, 267410.8153883647),(-465907.68820842117, 365224.1686885598),(-253623.0321727241, 242601.9176583595),(-338707.8874554254, 253491.81071232757),(-113536.68774378725, 114037.42701300485),(-265616.2136248833, 274867.67522443633),(-184829.69692969407, 192685.84362808254),(-272003.44714589964, 292820.7066664201),(-98695.8247449863, 98322.00739001049),(-97109.90831162028, 93904.30587756005),(-76955.84259313116, 80503.20106464984),(-117027.60564394509, 111379.18833863377),(-79925.6142822644, 95717.40511424493),(nan, nan)
(-383313.400650686, 241787.90663226543),(-350317.82580806303, 254703.67201703117),(-99697.308401096, -25352.30754065507),(-237773.6786040633, 206222.31820849003),(-318760.77696424344, 199349.11975897392),(-438632.3581333602, 316878.0660404488),(-329914.73887024896, 267410.8153883647),(-465907.68820842117, 365224.1686885598),(-253623.0321727241, 242601.9176583595),(-338707.8874554254, 253491.81071232757),(-113536.68774378725, 114037.42701300485),(-265616.2136248833, 274867.67522443633),(-184829.69692969407, 192685.84362808254),(-272003.44714589964, 292820.7066664201),(-98695.8247449863, 98322.00739001049),(-97109.90831162028, 93904.30587756005),(-76955.84259313116, 80503.20106464984),(-117027.60564394509, 111379.18833863377),(-79925.6142822644, 95717.40511424493),(nan, nan)
(-383313.400650686, 241787.90663226543),(-350317.82580806303, 254703.67201703117),(-99697.308401096, -25352.30754065507),(-237773.6786040633, 206222.31820849003),(-318760.77696424344, 199349.11975897392),(-438632.3581333602, 316878.0660404488),(-329914.73887024896, 267410.8153883647),(-465907.68820842117, 365224.1686885598),(-253623.0321727241, 242601.9176583595),(-338707.8874554254, 253491.81071232757),(-113536.68774378725, 114037.42701300485),(-265616.2136248833, 274867.67522443633),(-184829.69692969407, 192685.84362808254),(-272003.44714589964, 292820.7066664201),(-98695.8247449863, 98322.00739001049),(-97109.90831162028, 93904.30587756005),(-76955.84259313116, 80503.20106464984),(-117027.60564394509, 111379.18833863377),(-79925.6142822644, 95717.40511424493),(nan, nan)
(-383313.400650686, 241787.90663226543),(-350317.82580806303, 254703.67201703117),(-99697.308401096, -25352.30754065507),(-237773.6786040633, 206222.31820849003),(-318760.77696424344, 199349.11975897392),(-438632.3581333602, 316878.0660404488),(-329914.73887024896, 267410.8153883647),(-465907.68820842117, 365224.1686885598),(-253623.0321727241, 242601.9176583595),(-338707.8874554254, 253491.81071232757),(-113536.68774378725, 114037.42701300485),(-265616.2136248833, 274867.67522443633),(-184829.69692969407, 192685.84362808254),(-272003.44714589964, 292820.7066664201),(-98695.8247449863, 98322.00739001049),(-97109.90831162028, 93904.30587756005),(-76955.84259313116, 80503.20106464984),(-117027.60564394509, 111379.18833863377),(-79925.6142822644, 95717.40511424493),(nan, nan)
(-383313.400650686, 241787.90663226543),(-350317.82580806303, 254703.67201703117),(-99697.308401096, -25352.30754065507),(-237773.6786040633, 206222.31820849003),(-318760.77696424344, 199349.11975897392),(-438632.3581333602, 316878.0660404488),(-329914.73887024896, 267410.8153883647),(-465907.68820842117, 365224.1686885598),(-253623.0321727241, 242601.9176583595),(-338707.8874554254, 253491.81071232757),(-113536.68774378725, 114037.42701300485),(-265616.2136248833, 274867.67522443633),(-184829.69692969407, 192685.84362808254),(-272003.44714589964, 292820.7066664201),(-98695.8247449863, 98322.00739001049),(-97109.90831162028, 93904.30587756005),(-76955.84259313116, 80503.20106464984),(-117027.60564394509, 111379.18833863377),(-79925.6142822644, 95717.40511424493),(nan, nan)
(-383313.400650686, 241787.90663226543),(-350317.82580806303, 254703.67201703117),(-99697.308401096, -25352.30754065507),(-237773.6786040633, 206222.31820849003),(-318760.77696424344, 199349.11975897392),(-438632.3581333602, 316878.0660404488),(-329914.73887024896, 267410.8153883647),(-465907.68820842117, 365224.1686885598),(-253623.0321727241, 242601.9176583595),(-338707.8874554254, 253491.81071232757),(-113536.68774378725, 114037.42701300485),(-265616.2136248833, 274867.67522443633),(-184829.69692969407, 192685.84362808254),(-272003.44714589964, 292820.7066664201),(-98695.8247449863, 98322.00739001049),(-97109.90831162028, 93904.30587756005),(-76955.84259313116, 80503.20106464984),(-117027.60564394509, 111379.18833863377),(-79925.6142822644, 95717.40511424493),(nan, nan)
(-383313.400650686, 241787.90663226543),(-350317.82580806303, 254703.67201703117),(-99697.308401096, -25352.30754065507),(-237773.6786040633, 206222.31820849003),(-318760.77696424344, 199349.11975897392),(-438632.3581333602, 316878.0660404488),(-329914.73887024896, 267410.8153883647),(-465907.68820842117, 365224.1686885598),(-253623.0321727241, 242601.9176583595),(-338707.8874554254, 253491.81071232757),(-113536.68774378725, 114037.42701300485),(-265616.2136248833, 274867.67522443633),(-184829.69692969407, 192685.84362808254),(-272003.44714589964, 292820.7066664201),(-98695.8247449863, 98322.00739001049),(-97109.90831162028, 93904.30587756005),(-76955.84259313116, 80503.20106464984),(-117027.60564394509, 111379.18833863377),(-79925.6142822644, 95717.40511424493),(nan, nan)
(-383313.400650686, 241787.90663226543),(-350317.82580806303, 254703.67201703117),(-99697.308401096, -25352.30754065507),(-237773.6786040633, 206222.31820849003),(-318760.77696424344, 199349.11975897392),(-438632.3581333602, 316878.0660404488),(-329914.73887024896, 267410.8153883647),(-465907.68820842117, 365224.1686885598),(-253623.0321727241, 242601.9176583595),(-338707.8874554254, 253491.81071232757),(-113536.68774378725, 114037.42701300485),(-265616.2136248833, 274867.67522443633),(-184829.69692969407, 192685.84362808254),(-272003.44714589964, 292820.7066664201),(-98695.8247449863, 98322.00739001049),(-97109.90831162028, 93904.30587756005),(-76955.84259313116, 80503.20106464984),(-117027.60564394509, 111379.18833863377),(-79925.6142822644, 95717.40511424493),(nan, nan)
(-383313.400650686, 241787.90663226543),(-350317.82580806303, 254703.67201703117),(-99697.308401096, -25352.30754065507),(-237773.6786040633, 206222.31820849003),(-318760.77696424344, 199349.11975897392),(-438632.3581333602, 316878.0660404488),(-329914.73887024896, 267410.8153883647),(-465907.68820842117, 365224.1686885598),(-253623.0321727241, 242601.9176583595),(-338707.8874554254, 253491.81071232757),(-113536.68774378725, 114037.42701300485),(-265616.2136248833, 274867.67522443633),(-184829.69692969407, 192685.84362808254),(-272003.44714589964, 292820.7066664201),(-98695.8247449863, 98322.00739001049),(-97109.90831162028, 93904.30587756005),(-76955.84259313116, 80503.20106464984),(-117027.60564394509, 111379.18833863377),(-79925.6142822644, 95717.40511424493),(nan, nan)
(-383313.400650686, 241787.90663226543),(-350317.82580806303, 254703.67201703117),(-99697.308401096, -25352.30754065507),(-237773.6786040633, 206222.31820849003),(-318760.77696424344, 199349.11975897392),(-438632.3581333602, 316878.0660404488),(-329914.73887024896, 267410.8153883647),(-465907.68820842117, 365224.1686885598),(-253623.0321727241, 242601.9176583595),(-338707.8874554254, 253491.81071232757),(-113536.68774378725, 114037.42701300485),(-265616.2136248833, 274867.67522443633),(-184829.69692969407, 192685.84362808254),(-272003.44714589964, 292820.7066664201),(-98695.8247449863, 98322.00739001049),(-97109.90831162028, 93904.30587756005),(-76955.84259313116, 80503.20106464984),(-117027.60564394509, 111379.18833863377),(-79925.6142822644, 95717.40511424493),(nan, nan)
(-383313.400650686, 241787.90663226543),(-350317.82580806303, 254703.67201703117),(-99697.308401096, -25352.30754065507),(-237773.6786040633, 206222.31820849003),(-318760.77696424344, 199349.11975897392),(-438632.3581333602, 316878.0660404488),(-329914.73887024896, 267410.8153883647),(-465907.68820842117, 365224.1686885598),(-253623.0321727241, 242601.9176583595),(-338707.8874554254, 253491.81071232757),(-113536.68774378725, 114037.42701300485),(-265616.2136248833, 274867.67522443633),(-184829.69692969407, 192685.84362808254),(-272003.44714589964, 292820.7066664201),(-98695.8247449863, 98322.00739001049),(-97109.90831162028, 93904.30587756005),(-76955.84259313116, 80503.20106464984),(-117027.60564394509, 111379.18833863377),(-79925.6142822644, 95717.40511424493),(nan, nan)
Comparison with standard

nan,nan
-13370.436134444513,59281.776361835386
-82624.1964327207,99100.07450944834
10213.00611624941,99761.12750661705
-148537.38376496854,170651.22057813092
-138286.23574038668,158057.43766588208
25923.0668729333,53098.50366360597
-13353.918787309944,54195.89328584743
-52901.4261997519,183405.8057038215
-160488.70471009557,216798.12198542178
6489.452285302199,135536.78100237797
43052.70880639223,107724.24681159023
-33197.017675341776,182578.658392177
71201.18239383586,91141.57114511155
942.0237298673601,140209.65293362262
-1638.262457215882,139958.15404162207
-9575.893513990639,154648.7460039793
40.847293876402546,135836.22941927475
-616.3921372920158,157933.6769877406
-30471.823854472023,171997.31787295858
average_delays

Pairwise comparison

(-417.94440906280454, 800.772007095522),(-417.94440906280454, 800.772007095522),(-417.94440906280454, 800.772007095522),(-417.94440906280454, 800.772007095522),(-417.94440906280454, 800.772007095522),(-417.94440906280454, 800.772007095522),(-417.94440906280454, 800.772007095522),(-417.94440906280454, 800.772007095522),(-417.94440906280454, 800.772007095522),(-417.94440906280454, 800.772007095522),(-935.2832756049296, 834.5693713969385),(-1756.8332480905563, 1747.2062723002634),(-1121.0630735706054, 954.1155244127825),(-877.7298673714075, 1017.8434528044772),(-649.7105734093952, 594.678058116015),(-1843.5038313935704, 1622.3954971331025),(-677.245665841219, 730.8532308172782),(-1660.8270390763014, 1602.3456277491925),(-1027.6225259313487, 1248.3032679233459),(nan, nan)
(-417.94440906280454, 800.772007095522),(-417.94440906280454, 800.772007095522),(-417.94440906280454, 800.772007095522),(-417.94440906280454, 800.772007095522),(-417.94440906280454, 800.772007095522),(-417.94440906280454, 800.772007095522),(-417.94440906280454, 800.772007095522),(-417.94440906280454, 800.772007095522),(-417.94440906280454, 800.772007095522),(-417.94440906280454, 800.772007095522),(-935.2832756049296, 834.5693713969385),(-1756.8332480905563, 1747.2062723002634),(-1121.0630735706054, 954.1155244127825),(-877.7298673714075, 1017.8434528044772),(-649.7105734093952, 594.678058116015),(-1843.5038313935704, 1622.3954971331025),(-677.245665841219, 730.8532308172782),(-1660.8270390763014, 1602.3456277491925),(-1027.6225259313487, 1248.3032679233459),(nan, nan)
(-417.94440906280454, 800.772007095522),(-417.94440906280454, 800.772007095522),(-417.94440906280454, 800.772007095522),(-417.94440906280454, 800.772007095522),(-417.94440906280454, 800.772007095522),(-417.94440906280454, 800.772007095522),(-417.94440906280454, 800.772007095522),(-417.94440906280454, 800.772007095522),(-417.94440906280454, 800.772007095522),(-417.94440906280454, 800.772007095522),(-935.2832756049296, 834.5693713969385),(-1756.8332480905563, 1747.2062723002634),(-1121.0630735706054, 954.1155244127825),(-877.7298673714075, 1017.8434528044772),(-649.7105734093952, 594.678058116015),(-1843.5038313935704, 1622.3954971331025),(-677.245665841219, 730.8532308172782),(-1660.8270390763014, 1602.3456277491925),(-1027.6225259313487, 1248.3032679233459),(nan, nan)
(-417.94440906280454, 800.772007095522),(-417.94440906280454, 800.772007095522),(-417.94440906280454, 800.772007095522),(-417.94440906280454, 800.772007095522),(-417.94440906280454, 800.772007095522),(-417.94440906280454, 800.772007095522),(-417.94440906280454, 800.772007095522),(-417.94440906280454, 800.772007095522),(-417.94440906280454, 800.772007095522),(-417.94440906280454, 800.772007095522),(-935.2832756049296, 834.5693713969385),(-1756.8332480905563, 1747.2062723002634),(-1121.0630735706054, 954.1155244127825),(-877.7298673714075, 1017.8434528044772),(-649.7105734093952, 594.678058116015),(-1843.5038313935704, 1622.3954971331025),(-677.245665841219, 730.8532308172782),(-1660.8270390763014, 1602.3456277491925),(-1027.6225259313487, 1248.3032679233459),(nan, nan)
(-417.94440906280454, 800.772007095522),(-417.94440906280454, 800.772007095522),(-417.94440906280454, 800.772007095522),(-417.94440906280454, 800.772007095522),(-417.94440906280454, 800.772007095522),(-417.94440906280454, 800.772007095522),(-417.94440906280454, 800.772007095522),(-417.94440906280454, 800.772007095522),(-417.94440906280454, 800.772007095522),(-417.94440906280454, 800.772007095522),(-935.2832756049296, 834.5693713969385),(-1756.8332480905563, 1747.2062723002634),(-1121.0630735706054, 954.1155244127825),(-877.7298673714075, 1017.8434528044772),(-649.7105734093952, 594.678058116015),(-1843.5038313935704, 1622.3954971331025),(-677.245665841219, 730.8532308172782),(-1660.8270390763014, 1602.3456277491925),(-1027.6225259313487, 1248.3032679233459),(nan, nan)
(-417.94440906280454, 800.772007095522),(-417.94440906280454, 800.772007095522),(-417.94440906280454, 800.772007095522),(-417.94440906280454, 800.772007095522),(-417.94440906280454, 800.772007095522),(-417.94440906280454, 800.772007095522),(-417.94440906280454, 800.772007095522),(-417.94440906280454, 800.772007095522),(-417.94440906280454, 800.772007095522),(-417.94440906280454, 800.772007095522),(-935.2832756049296, 834.5693713969385),(-1756.8332480905563, 1747.2062723002634),(-1121.0630735706054, 954.1155244127825),(-877.7298673714075, 1017.8434528044772),(-649.7105734093952, 594.678058116015),(-1843.5038313935704, 1622.3954971331025),(-677.245665841219, 730.8532308172782),(-1660.8270390763014, 1602.3456277491925),(-1027.6225259313487, 1248.3032679233459),(nan, nan)
(-417.94440906280454, 800.772007095522),(-417.94440906280454, 800.772007095522),(-417.94440906280454, 800.772007095522),(-417.94440906280454, 800.772007095522),(-417.94440906280454, 800.772007095522),(-417.94440906280454, 800.772007095522),(-417.94440906280454, 800.772007095522),(-417.94440906280454, 800.772007095522),(-417.94440906280454, 800.772007095522),(-417.94440906280454, 800.772007095522),(-935.2832756049296, 834.5693713969385),(-1756.8332480905563, 1747.2062723002634),(-1121.0630735706054, 954.1155244127825),(-877.7298673714075, 1017.8434528044772),(-649.7105734093952, 594.678058116015),(-1843.5038313935704, 1622.3954971331025),(-677.245665841219, 730.8532308172782),(-1660.8270390763014, 1602.3456277491925),(-1027.6225259313487, 1248.3032679233459),(nan, nan)
(-417.94440906280454, 800.772007095522),(-417.94440906280454, 800.772007095522),(-417.94440906280454, 800.772007095522),(-417.94440906280454, 800.772007095522),(-417.94440906280454, 800.772007095522),(-417.94440906280454, 800.772007095522),(-417.94440906280454, 800.772007095522),(-417.94440906280454, 800.772007095522),(-417.94440906280454, 800.772007095522),(-417.94440906280454, 800.772007095522),(-935.2832756049296, 834.5693713969385),(-1756.8332480905563, 1747.2062723002634),(-1121.0630735706054, 954.1155244127825),(-877.7298673714075, 1017.8434528044772),(-649.7105734093952, 594.678058116015),(-1843.5038313935704, 1622.3954971331025),(-677.245665841219, 730.8532308172782),(-1660.8270390763014, 1602.3456277491925),(-1027.6225259313487, 1248.3032679233459),(nan, nan)
(-417.94440906280454, 800.772007095522),(-417.94440906280454, 800.772007095522),(-417.94440906280454, 800.772007095522),(-417.94440906280454, 800.772007095522),(-417.94440906280454, 800.772007095522),(-417.94440906280454, 800.772007095522),(-417.94440906280454, 800.772007095522),(-417.94440906280454, 800.772007095522),(-417.94440906280454, 800.772007095522),(-417.94440906280454, 800.772007095522),(-935.2832756049296, 834.5693713969385),(-1756.8332480905563, 1747.2062723002634),(-1121.0630735706054, 954.1155244127825),(-877.7298673714075, 1017.8434528044772),(-649.7105734093952, 594.678058116015),(-1843.5038313935704, 1622.3954971331025),(-677.245665841219, 730.8532308172782),(-1660.8270390763014, 1602.3456277491925),(-1027.6225259313487, 1248.3032679233459),(nan, nan)
(-417.94440906280454, 800.772007095522),(-417.94440906280454, 800.772007095522),(-417.94440906280454, 800.772007095522),(-417.94440906280454, 800.772007095522),(-417.94440906280454, 800.772007095522),(-417.94440906280454, 800.772007095522),(-417.94440906280454, 800.772007095522),(-417.94440906280454, 800.772007095522),(-417.94440906280454, 800.772007095522),(-417.94440906280454, 800.772007095522),(-935.2832756049296, 834.5693713969385),(-1756.8332480905563, 1747.2062723002634),(-1121.0630735706054, 954.1155244127825),(-877.7298673714075, 1017.8434528044772),(-649.7105734093952, 594.678058116015),(-1843.5038313935704, 1622.3954971331025),(-677.245665841219, 730.8532308172782),(-1660.8270390763014, 1602.3456277491925),(-1027.6225259313487, 1248.3032679233459),(nan, nan)
(-417.94440906280454, 800.772007095522),(-417.94440906280454, 800.772007095522),(-417.94440906280454, 800.772007095522),(-417.94440906280454, 800.772007095522),(-417.94440906280454, 800.772007095522),(-417.94440906280454, 800.772007095522),(-417.94440906280454, 800.772007095522),(-417.94440906280454, 800.772007095522),(-417.94440906280454, 800.772007095522),(-417.94440906280454, 800.772007095522),(-935.2832756049296, 834.5693713969385),(-1756.8332480905563, 1747.2062723002634),(-1121.0630735706054, 954.1155244127825),(-877.7298673714075, 1017.8434528044772),(-649.7105734093952, 594.678058116015),(-1843.5038313935704, 1622.3954971331025),(-677.245665841219, 730.8532308172782),(-1660.8270390763014, 1602.3456277491925),(-1027.6225259313487, 1248.3032679233459),(nan, nan)
(-417.94440906280454, 800.772007095522),(-417.94440906280454, 800.772007095522),(-417.94440906280454, 800.772007095522),(-417.94440906280454, 800.772007095522),(-417.94440906280454, 800.772007095522),(-417.94440906280454, 800.772007095522),(-417.94440906280454, 800.772007095522),(-417.94440906280454, 800.772007095522),(-417.94440906280454, 800.772007095522),(-417.94440906280454, 800.772007095522),(-935.2832756049296, 834.5693713969385),(-1756.8332480905563, 1747.2062723002634),(-1121.0630735706054, 954.1155244127825),(-877.7298673714075, 1017.8434528044772),(-649.7105734093952, 594.678058116015),(-1843.5038313935704, 1622.3954971331025),(-677.245665841219, 730.8532308172782),(-1660.8270390763014, 1602.3456277491925),(-1027.6225259313487, 1248.3032679233459),(nan, nan)
(-417.94440906280454, 800.772007095522),(-417.94440906280454, 800.772007095522),(-417.94440906280454, 800.772007095522),(-417.94440906280454, 800.772007095522),(-417.94440906280454, 800.772007095522),(-417.94440906280454, 800.772007095522),(-417.94440906280454, 800.772007095522),(-417.94440906280454, 800.772007095522),(-417.94440906280454, 800.772007095522),(-417.94440906280454, 800.772007095522),(-935.2832756049296, 834.5693713969385),(-1756.8332480905563, 1747.2062723002634),(-1121.0630735706054, 954.1155244127825),(-877.7298673714075, 1017.8434528044772),(-649.7105734093952, 594.678058116015),(-1843.5038313935704, 1622.3954971331025),(-677.245665841219, 730.8532308172782),(-1660.8270390763014, 1602.3456277491925),(-1027.6225259313487, 1248.3032679233459),(nan, nan)
(-417.94440906280454, 800.772007095522),(-417.94440906280454, 800.772007095522),(-417.94440906280454, 800.772007095522),(-417.94440906280454, 800.772007095522),(-417.94440906280454, 800.772007095522),(-417.94440906280454, 800.772007095522),(-417.94440906280454, 800.772007095522),(-417.94440906280454, 800.772007095522),(-417.94440906280454, 800.772007095522),(-417.94440906280454, 800.772007095522),(-935.2832756049296, 834.5693713969385),(-1756.8332480905563, 1747.2062723002634),(-1121.0630735706054, 954.1155244127825),(-877.7298673714075, 1017.8434528044772),(-649.7105734093952, 594.678058116015),(-1843.5038313935704, 1622.3954971331025),(-677.245665841219, 730.8532308172782),(-1660.8270390763014, 1602.3456277491925),(-1027.6225259313487, 1248.3032679233459),(nan, nan)
(-417.94440906280454, 800.772007095522),(-417.94440906280454, 800.772007095522),(-417.94440906280454, 800.772007095522),(-417.94440906280454, 800.772007095522),(-417.94440906280454, 800.772007095522),(-417.94440906280454, 800.772007095522),(-417.94440906280454, 800.772007095522),(-417.94440906280454, 800.772007095522),(-417.94440906280454, 800.772007095522),(-417.94440906280454, 800.772007095522),(-935.2832756049296, 834.5693713969385),(-1756.8332480905563, 1747.2062723002634),(-1121.0630735706054, 954.1155244127825),(-877.7298673714075, 1017.8434528044772),(-649.7105734093952, 594.678058116015),(-1843.5038313935704, 1622.3954971331025),(-677.245665841219, 730.8532308172782),(-1660.8270390763014, 1602.3456277491925),(-1027.6225259313487, 1248.3032679233459),(nan, nan)
(-417.94440906280454, 800.772007095522),(-417.94440906280454, 800.772007095522),(-417.94440906280454, 800.772007095522),(-417.94440906280454, 800.772007095522),(-417.94440906280454, 800.772007095522),(-417.94440906280454, 800.772007095522),(-417.94440906280454, 800.772007095522),(-417.94440906280454, 800.772007095522),(-417.94440906280454, 800.772007095522),(-417.94440906280454, 800.772007095522),(-935.2832756049296, 834.5693713969385),(-1756.8332480905563, 1747.2062723002634),(-1121.0630735706054, 954.1155244127825),(-877.7298673714075, 1017.8434528044772),(-649.7105734093952, 594.678058116015),(-1843.5038313935704, 1622.3954971331025),(-677.245665841219, 730.8532308172782),(-1660.8270390763014, 1602.3456277491925),(-1027.6225259313487, 1248.3032679233459),(nan, nan)
(-417.94440906280454, 800.772007095522),(-417.94440906280454, 800.772007095522),(-417.94440906280454, 800.772007095522),(-417.94440906280454, 800.772007095522),(-417.94440906280454, 800.772007095522),(-417.94440906280454, 800.772007095522),(-417.94440906280454, 800.772007095522),(-417.94440906280454, 800.772007095522),(-417.94440906280454, 800.772007095522),(-417.94440906280454, 800.772007095522),(-935.2832756049296, 834.5693713969385),(-1756.8332480905563, 1747.2062723002634),(-1121.0630735706054, 954.1155244127825),(-877.7298673714075, 1017.8434528044772),(-649.7105734093952, 594.678058116015),(-1843.5038313935704, 1622.3954971331025),(-677.245665841219, 730.8532308172782),(-1660.8270390763014, 1602.3456277491925),(-1027.6225259313487, 1248.3032679233459),(nan, nan)
(-417.94440906280454, 800.772007095522),(-417.94440906280454, 800.772007095522),(-417.94440906280454, 800.772007095522),(-417.94440906280454, 800.772007095522),(-417.94440906280454, 800.772007095522),(-417.94440906280454, 800.772007095522),(-417.94440906280454, 800.772007095522),(-417.94440906280454, 800.772007095522),(-417.94440906280454, 800.772007095522),(-417.94440906280454, 800.772007095522),(-935.2832756049296, 834.5693713969385),(-1756.8332480905563, 1747.2062723002634),(-1121.0630735706054, 954.1155244127825),(-877.7298673714075, 1017.8434528044772),(-649.7105734093952, 594.678058116015),(-1843.5038313935704, 1622.3954971331025),(-677.245665841219, 730.8532308172782),(-1660.8270390763014, 1602.3456277491925),(-1027.6225259313487, 1248.3032679233459),(nan, nan)
(-417.94440906280454, 800.772007095522),(-417.94440906280454, 800.772007095522),(-417.94440906280454, 800.772007095522),(-417.94440906280454, 800.772007095522),(-417.94440906280454, 800.772007095522),(-417.94440906280454, 800.772007095522),(-417.94440906280454, 800.772007095522),(-417.94440906280454, 800.772007095522),(-417.94440906280454, 800.772007095522),(-417.94440906280454, 800.772007095522),(-935.2832756049296, 834.5693713969385),(-1756.8332480905563, 1747.2062723002634),(-1121.0630735706054, 954.1155244127825),(-877.7298673714075, 1017.8434528044772),(-649.7105734093952, 594.678058116015),(-1843.5038313935704, 1622.3954971331025),(-677.245665841219, 730.8532308172782),(-1660.8270390763014, 1602.3456277491925),(-1027.6225259313487, 1248.3032679233459),(nan, nan)
(-417.94440906280454, 800.772007095522),(-417.94440906280454, 800.772007095522),(-417.94440906280454, 800.772007095522),(-417.94440906280454, 800.772007095522),(-417.94440906280454, 800.772007095522),(-417.94440906280454, 800.772007095522),(-417.94440906280454, 800.772007095522),(-417.94440906280454, 800.772007095522),(-417.94440906280454, 800.772007095522),(-417.94440906280454, 800.772007095522),(-935.2832756049296, 834.5693713969385),(-1756.8332480905563, 1747.2062723002634),(-1121.0630735706054, 954.1155244127825),(-877.7298673714075, 1017.8434528044772),(-649.7105734093952, 594.678058116015),(-1843.5038313935704, 1622.3954971331025),(-677.245665841219, 730.8532308172782),(-1660.8270390763014, 1602.3456277491925),(-1027.6225259313487, 1248.3032679233459),(nan, nan)
Comparison with standard

nan,nan
nan,nan
nan,nan
nan,nan
nan,nan
nan,nan
nan,nan
nan,nan
nan,nan
nan,nan
-521.3530037857391,37.81150154497223
-669.8057188395971,277.35114501634564
-636.2263619905516,86.45121479992042
-392.97402351454133,150.2600109148221
-437.0483643154155,-0.8117490106851335
-667.139361580085,63.203429286662356
-476.80501879951976,147.58498574284144
-552.399763546908,111.09075418686555
-268.6599125305054,106.51305648967339
-388.783780420776,5.956182388187102
fraction_non_served

Pairwise comparison

(-1.591781254171134, 1.857249681438385),(-0.6248280539602289, 0.9748477747312223),(-1.376393310681394, 1.729053838851862),(-1.0144385937696372, 1.2751411074130725),(-1.5756983784534824, 1.8773730968538962),(-0.9200715639850789, 1.2425111292870452),(-1.2542205533292754, 1.5010655736785519),(-1.5075188966859745, 1.8204527604954772),(-0.4209850425178818, 0.7586617284556039),(-1.9410080258296984, 2.248150978252247),(-3.322577763817527, 3.1035716885927584),(-1.2391225244179496, 1.2583957709749922),(-0.5954301399552077, 0.451256174619205),(-1.8007589697502877, 1.9124977398103342),(-1.0773988138813646, 1.0645303428304627),(-1.3524128087328748, 1.237519102263029),(-2.1976626588538806, 2.1124918879486674),(-3.24678055049933, 3.203248465686499),(-1.4637382311582652, 1.6476586054325275),(nan, nan)
(-1.591781254171134, 1.857249681438385),(-0.6248280539602289, 0.9748477747312223),(-1.376393310681394, 1.729053838851862),(-1.0144385937696372, 1.2751411074130725),(-1.5756983784534824, 1.8773730968538962),(-0.9200715639850789, 1.2425111292870452),(-1.2542205533292754, 1.5010655736785519),(-1.5075188966859745, 1.8204527604954772),(-0.4209850425178818, 0.7586617284556039),(-1.9410080258296984, 2.248150978252247),(-3.322577763817527, 3.1035716885927584),(-1.2391225244179496, 1.2583957709749922),(-0.5954301399552077, 0.451256174619205),(-1.8007589697502877, 1.9124977398103342),(-1.0773988138813646, 1.0645303428304627),(-1.3524128087328748, 1.237519102263029),(-2.1976626588538806, 2.1124918879486674),(-3.24678055049933, 3.203248465686499),(-1.4637382311582652, 1.6476586054325275),(nan, nan)
(-1.591781254171134, 1.857249681438385),(-0.6248280539602289, 0.9748477747312223),(-1.376393310681394, 1.729053838851862),(-1.0144385937696372, 1.2751411074130725),(-1.5756983784534824, 1.8773730968538962),(-0.9200715639850789, 1.2425111292870452),(-1.2542205533292754, 1.5010655736785519),(-1.5075188966859745, 1.8204527604954772),(-0.4209850425178818, 0.7586617284556039),(-1.9410080258296984, 2.248150978252247),(-3.322577763817527, 3.1035716885927584),(-1.2391225244179496, 1.2583957709749922),(-0.5954301399552077, 0.451256174619205),(-1.8007589697502877, 1.9124977398103342),(-1.0773988138813646, 1.0645303428304627),(-1.3524128087328748, 1.237519102263029),(-2.1976626588538806, 2.1124918879486674),(-3.24678055049933, 3.203248465686499),(-1.4637382311582652, 1.6476586054325275),(nan, nan)
(-1.591781254171134, 1.857249681438385),(-0.6248280539602289, 0.9748477747312223),(-1.376393310681394, 1.729053838851862),(-1.0144385937696372, 1.2751411074130725),(-1.5756983784534824, 1.8773730968538962),(-0.9200715639850789, 1.2425111292870452),(-1.2542205533292754, 1.5010655736785519),(-1.5075188966859745, 1.8204527604954772),(-0.4209850425178818, 0.7586617284556039),(-1.9410080258296984, 2.248150978252247),(-3.322577763817527, 3.1035716885927584),(-1.2391225244179496, 1.2583957709749922),(-0.5954301399552077, 0.451256174619205),(-1.8007589697502877, 1.9124977398103342),(-1.0773988138813646, 1.0645303428304627),(-1.3524128087328748, 1.237519102263029),(-2.1976626588538806, 2.1124918879486674),(-3.24678055049933, 3.203248465686499),(-1.4637382311582652, 1.6476586054325275),(nan, nan)
(-1.591781254171134, 1.857249681438385),(-0.6248280539602289, 0.9748477747312223),(-1.376393310681394, 1.729053838851862),(-1.0144385937696372, 1.2751411074130725),(-1.5756983784534824, 1.8773730968538962),(-0.9200715639850789, 1.2425111292870452),(-1.2542205533292754, 1.5010655736785519),(-1.5075188966859745, 1.8204527604954772),(-0.4209850425178818, 0.7586617284556039),(-1.9410080258296984, 2.248150978252247),(-3.322577763817527, 3.1035716885927584),(-1.2391225244179496, 1.2583957709749922),(-0.5954301399552077, 0.451256174619205),(-1.8007589697502877, 1.9124977398103342),(-1.0773988138813646, 1.0645303428304627),(-1.3524128087328748, 1.237519102263029),(-2.1976626588538806, 2.1124918879486674),(-3.24678055049933, 3.203248465686499),(-1.4637382311582652, 1.6476586054325275),(nan, nan)
(-1.591781254171134, 1.857249681438385),(-0.6248280539602289, 0.9748477747312223),(-1.376393310681394, 1.729053838851862),(-1.0144385937696372, 1.2751411074130725),(-1.5756983784534824, 1.8773730968538962),(-0.9200715639850789, 1.2425111292870452),(-1.2542205533292754, 1.5010655736785519),(-1.5075188966859745, 1.8204527604954772),(-0.4209850425178818, 0.7586617284556039),(-1.9410080258296984, 2.248150978252247),(-3.322577763817527, 3.1035716885927584),(-1.2391225244179496, 1.2583957709749922),(-0.5954301399552077, 0.451256174619205),(-1.8007589697502877, 1.9124977398103342),(-1.0773988138813646, 1.0645303428304627),(-1.3524128087328748, 1.237519102263029),(-2.1976626588538806, 2.1124918879486674),(-3.24678055049933, 3.203248465686499),(-1.4637382311582652, 1.6476586054325275),(nan, nan)
(-1.591781254171134, 1.857249681438385),(-0.6248280539602289, 0.9748477747312223),(-1.376393310681394, 1.729053838851862),(-1.0144385937696372, 1.2751411074130725),(-1.5756983784534824, 1.8773730968538962),(-0.9200715639850789, 1.2425111292870452),(-1.2542205533292754, 1.5010655736785519),(-1.5075188966859745, 1.8204527604954772),(-0.4209850425178818, 0.7586617284556039),(-1.9410080258296984, 2.248150978252247),(-3.322577763817527, 3.1035716885927584),(-1.2391225244179496, 1.2583957709749922),(-0.5954301399552077, 0.451256174619205),(-1.8007589697502877, 1.9124977398103342),(-1.0773988138813646, 1.0645303428304627),(-1.3524128087328748, 1.237519102263029),(-2.1976626588538806, 2.1124918879486674),(-3.24678055049933, 3.203248465686499),(-1.4637382311582652, 1.6476586054325275),(nan, nan)
(-1.591781254171134, 1.857249681438385),(-0.6248280539602289, 0.9748477747312223),(-1.376393310681394, 1.729053838851862),(-1.0144385937696372, 1.2751411074130725),(-1.5756983784534824, 1.8773730968538962),(-0.9200715639850789, 1.2425111292870452),(-1.2542205533292754, 1.5010655736785519),(-1.5075188966859745, 1.8204527604954772),(-0.4209850425178818, 0.7586617284556039),(-1.9410080258296984, 2.248150978252247),(-3.322577763817527, 3.1035716885927584),(-1.2391225244179496, 1.2583957709749922),(-0.5954301399552077, 0.451256174619205),(-1.8007589697502877, 1.9124977398103342),(-1.0773988138813646, 1.0645303428304627),(-1.3524128087328748, 1.237519102263029),(-2.1976626588538806, 2.1124918879486674),(-3.24678055049933, 3.203248465686499),(-1.4637382311582652, 1.6476586054325275),(nan, nan)
(-1.591781254171134, 1.857249681438385),(-0.6248280539602289, 0.9748477747312223),(-1.376393310681394, 1.729053838851862),(-1.0144385937696372, 1.2751411074130725),(-1.5756983784534824, 1.8773730968538962),(-0.9200715639850789, 1.2425111292870452),(-1.2542205533292754, 1.5010655736785519),(-1.5075188966859745, 1.8204527604954772),(-0.4209850425178818, 0.7586617284556039),(-1.9410080258296984, 2.248150978252247),(-3.322577763817527, 3.1035716885927584),(-1.2391225244179496, 1.2583957709749922),(-0.5954301399552077, 0.451256174619205),(-1.8007589697502877, 1.9124977398103342),(-1.0773988138813646, 1.0645303428304627),(-1.3524128087328748, 1.237519102263029),(-2.1976626588538806, 2.1124918879486674),(-3.24678055049933, 3.203248465686499),(-1.4637382311582652, 1.6476586054325275),(nan, nan)
(-1.591781254171134, 1.857249681438385),(-0.6248280539602289, 0.9748477747312223),(-1.376393310681394, 1.729053838851862),(-1.0144385937696372, 1.2751411074130725),(-1.5756983784534824, 1.8773730968538962),(-0.9200715639850789, 1.2425111292870452),(-1.2542205533292754, 1.5010655736785519),(-1.5075188966859745, 1.8204527604954772),(-0.4209850425178818, 0.7586617284556039),(-1.9410080258296984, 2.248150978252247),(-3.322577763817527, 3.1035716885927584),(-1.2391225244179496, 1.2583957709749922),(-0.5954301399552077, 0.451256174619205),(-1.8007589697502877, 1.9124977398103342),(-1.0773988138813646, 1.0645303428304627),(-1.3524128087328748, 1.237519102263029),(-2.1976626588538806, 2.1124918879486674),(-3.24678055049933, 3.203248465686499),(-1.4637382311582652, 1.6476586054325275),(nan, nan)
(-1.591781254171134, 1.857249681438385),(-0.6248280539602289, 0.9748477747312223),(-1.376393310681394, 1.729053838851862),(-1.0144385937696372, 1.2751411074130725),(-1.5756983784534824, 1.8773730968538962),(-0.9200715639850789, 1.2425111292870452),(-1.2542205533292754, 1.5010655736785519),(-1.5075188966859745, 1.8204527604954772),(-0.4209850425178818, 0.7586617284556039),(-1.9410080258296984, 2.248150978252247),(-3.322577763817527, 3.1035716885927584),(-1.2391225244179496, 1.2583957709749922),(-0.5954301399552077, 0.451256174619205),(-1.8007589697502877, 1.9124977398103342),(-1.0773988138813646, 1.0645303428304627),(-1.3524128087328748, 1.237519102263029),(-2.1976626588538806, 2.1124918879486674),(-3.24678055049933, 3.203248465686499),(-1.4637382311582652, 1.6476586054325275),(nan, nan)
(-1.591781254171134, 1.857249681438385),(-0.6248280539602289, 0.9748477747312223),(-1.376393310681394, 1.729053838851862),(-1.0144385937696372, 1.2751411074130725),(-1.5756983784534824, 1.8773730968538962),(-0.9200715639850789, 1.2425111292870452),(-1.2542205533292754, 1.5010655736785519),(-1.5075188966859745, 1.8204527604954772),(-0.4209850425178818, 0.7586617284556039),(-1.9410080258296984, 2.248150978252247),(-3.322577763817527, 3.1035716885927584),(-1.2391225244179496, 1.2583957709749922),(-0.5954301399552077, 0.451256174619205),(-1.8007589697502877, 1.9124977398103342),(-1.0773988138813646, 1.0645303428304627),(-1.3524128087328748, 1.237519102263029),(-2.1976626588538806, 2.1124918879486674),(-3.24678055049933, 3.203248465686499),(-1.4637382311582652, 1.6476586054325275),(nan, nan)
(-1.591781254171134, 1.857249681438385),(-0.6248280539602289, 0.9748477747312223),(-1.376393310681394, 1.729053838851862),(-1.0144385937696372, 1.2751411074130725),(-1.5756983784534824, 1.8773730968538962),(-0.9200715639850789, 1.2425111292870452),(-1.2542205533292754, 1.5010655736785519),(-1.5075188966859745, 1.8204527604954772),(-0.4209850425178818, 0.7586617284556039),(-1.9410080258296984, 2.248150978252247),(-3.322577763817527, 3.1035716885927584),(-1.2391225244179496, 1.2583957709749922),(-0.5954301399552077, 0.451256174619205),(-1.8007589697502877, 1.9124977398103342),(-1.0773988138813646, 1.0645303428304627),(-1.3524128087328748, 1.237519102263029),(-2.1976626588538806, 2.1124918879486674),(-3.24678055049933, 3.203248465686499),(-1.4637382311582652, 1.6476586054325275),(nan, nan)
(-1.591781254171134, 1.857249681438385),(-0.6248280539602289, 0.9748477747312223),(-1.376393310681394, 1.729053838851862),(-1.0144385937696372, 1.2751411074130725),(-1.5756983784534824, 1.8773730968538962),(-0.9200715639850789, 1.2425111292870452),(-1.2542205533292754, 1.5010655736785519),(-1.5075188966859745, 1.8204527604954772),(-0.4209850425178818, 0.7586617284556039),(-1.9410080258296984, 2.248150978252247),(-3.322577763817527, 3.1035716885927584),(-1.2391225244179496, 1.2583957709749922),(-0.5954301399552077, 0.451256174619205),(-1.8007589697502877, 1.9124977398103342),(-1.0773988138813646, 1.0645303428304627),(-1.3524128087328748, 1.237519102263029),(-2.1976626588538806, 2.1124918879486674),(-3.24678055049933, 3.203248465686499),(-1.4637382311582652, 1.6476586054325275),(nan, nan)
(-1.591781254171134, 1.857249681438385),(-0.6248280539602289, 0.9748477747312223),(-1.376393310681394, 1.729053838851862),(-1.0144385937696372, 1.2751411074130725),(-1.5756983784534824, 1.8773730968538962),(-0.9200715639850789, 1.2425111292870452),(-1.2542205533292754, 1.5010655736785519),(-1.5075188966859745, 1.8204527604954772),(-0.4209850425178818, 0.7586617284556039),(-1.9410080258296984, 2.248150978252247),(-3.322577763817527, 3.1035716885927584),(-1.2391225244179496, 1.2583957709749922),(-0.5954301399552077, 0.451256174619205),(-1.8007589697502877, 1.9124977398103342),(-1.0773988138813646, 1.0645303428304627),(-1.3524128087328748, 1.237519102263029),(-2.1976626588538806, 2.1124918879486674),(-3.24678055049933, 3.203248465686499),(-1.4637382311582652, 1.6476586054325275),(nan, nan)
(-1.591781254171134, 1.857249681438385),(-0.6248280539602289, 0.9748477747312223),(-1.376393310681394, 1.729053838851862),(-1.0144385937696372, 1.2751411074130725),(-1.5756983784534824, 1.8773730968538962),(-0.9200715639850789, 1.2425111292870452),(-1.2542205533292754, 1.5010655736785519),(-1.5075188966859745, 1.8204527604954772),(-0.4209850425178818, 0.7586617284556039),(-1.9410080258296984, 2.248150978252247),(-3.322577763817527, 3.1035716885927584),(-1.2391225244179496, 1.2583957709749922),(-0.5954301399552077, 0.451256174619205),(-1.8007589697502877, 1.9124977398103342),(-1.0773988138813646, 1.0645303428304627),(-1.3524128087328748, 1.237519102263029),(-2.1976626588538806, 2.1124918879486674),(-3.24678055049933, 3.203248465686499),(-1.4637382311582652, 1.6476586054325275),(nan, nan)
(-1.591781254171134, 1.857249681438385),(-0.6248280539602289, 0.9748477747312223),(-1.376393310681394, 1.729053838851862),(-1.0144385937696372, 1.2751411074130725),(-1.5756983784534824, 1.8773730968538962),(-0.9200715639850789, 1.2425111292870452),(-1.2542205533292754, 1.5010655736785519),(-1.5075188966859745, 1.8204527604954772),(-0.4209850425178818, 0.7586617284556039),(-1.9410080258296984, 2.248150978252247),(-3.322577763817527, 3.1035716885927584),(-1.2391225244179496, 1.2583957709749922),(-0.5954301399552077, 0.451256174619205),(-1.8007589697502877, 1.9124977398103342),(-1.0773988138813646, 1.0645303428304627),(-1.3524128087328748, 1.237519102263029),(-2.1976626588538806, 2.1124918879486674),(-3.24678055049933, 3.203248465686499),(-1.4637382311582652, 1.6476586054325275),(nan, nan)
(-1.591781254171134, 1.857249681438385),(-0.6248280539602289, 0.9748477747312223),(-1.376393310681394, 1.729053838851862),(-1.0144385937696372, 1.2751411074130725),(-1.5756983784534824, 1.8773730968538962),(-0.9200715639850789, 1.2425111292870452),(-1.2542205533292754, 1.5010655736785519),(-1.5075188966859745, 1.8204527604954772),(-0.4209850425178818, 0.7586617284556039),(-1.9410080258296984, 2.248150978252247),(-3.322577763817527, 3.1035716885927584),(-1.2391225244179496, 1.2583957709749922),(-0.5954301399552077, 0.451256174619205),(-1.8007589697502877, 1.9124977398103342),(-1.0773988138813646, 1.0645303428304627),(-1.3524128087328748, 1.237519102263029),(-2.1976626588538806, 2.1124918879486674),(-3.24678055049933, 3.203248465686499),(-1.4637382311582652, 1.6476586054325275),(nan, nan)
(-1.591781254171134, 1.857249681438385),(-0.6248280539602289, 0.9748477747312223),(-1.376393310681394, 1.729053838851862),(-1.0144385937696372, 1.2751411074130725),(-1.5756983784534824, 1.8773730968538962),(-0.9200715639850789, 1.2425111292870452),(-1.2542205533292754, 1.5010655736785519),(-1.5075188966859745, 1.8204527604954772),(-0.4209850425178818, 0.7586617284556039),(-1.9410080258296984, 2.248150978252247),(-3.322577763817527, 3.1035716885927584),(-1.2391225244179496, 1.2583957709749922),(-0.5954301399552077, 0.451256174619205),(-1.8007589697502877, 1.9124977398103342),(-1.0773988138813646, 1.0645303428304627),(-1.3524128087328748, 1.237519102263029),(-2.1976626588538806, 2.1124918879486674),(-3.24678055049933, 3.203248465686499),(-1.4637382311582652, 1.6476586054325275),(nan, nan)
(-1.591781254171134, 1.857249681438385),(-0.6248280539602289, 0.9748477747312223),(-1.376393310681394, 1.729053838851862),(-1.0144385937696372, 1.2751411074130725),(-1.5756983784534824, 1.8773730968538962),(-0.9200715639850789, 1.2425111292870452),(-1.2542205533292754, 1.5010655736785519),(-1.5075188966859745, 1.8204527604954772),(-0.4209850425178818, 0.7586617284556039),(-1.9410080258296984, 2.248150978252247),(-3.322577763817527, 3.1035716885927584),(-1.2391225244179496, 1.2583957709749922),(-0.5954301399552077, 0.451256174619205),(-1.8007589697502877, 1.9124977398103342),(-1.0773988138813646, 1.0645303428304627),(-1.3524128087328748, 1.237519102263029),(-2.1976626588538806, 2.1124918879486674),(-3.24678055049933, 3.203248465686499),(-1.4637382311582652, 1.6476586054325275),(nan, nan)
Comparison with standard

nan,nan
-0.6605398680267349,0.7450911615306726
-0.35153182981337067,0.438723930716624
-0.3345393655665747,0.3297734519428812
-0.11137615987451138,0.14758245100767403
-0.46929855409587373,0.5262696921307249
-0.6441582610733477,0.6255348541554465
-0.26302582073318015,0.3104912572754448
-0.7099992648427209,0.7822075235134314
-0.10004971753428035,0.14172424268949962
-0.7991941829723825,0.31471968048004917
-0.5634203654235727,0.3172251847134649
-0.6086998304302855,0.19905743782728544
-0.31472998702541993,0.16100032981818774
-0.3986063905065196,0.1202694921885046
-0.3294076998032228,-0.05095443393378343
-0.3444685546489253,-0.006170643523629171
-0.720404549032861,0.4114040369524621
-0.6368435711773442,0.5552955181843912
-0.691301541191536,0.42583311392464895
fraction_blackout

Pairwise comparison

(-0.9715381041090685, -0.29218361115940555),(-3.3808620002730034, 2.2293944787924587),(-1.8606355965736943, 0.7173757744482981),(-0.9947842001336529, 0.1241605667640675),(-1.3718635932577428, 0.2589660129466679),(-4.79530910202052, 3.411123969943581),(-2.920119666665713, 1.4979308117445593),(-1.7311907167536, 0.34169685838277286),(-2.9364713963724958, 1.9682931636556293),(-2.6668699675974588, 1.5567976770692762),(-0.19334821095964616, 0.288389454737797),(-1.4901807035479315, 1.4092706191579074),(-0.7169999495856858, 0.7263601975406462),(-0.9201272709429733, 0.8432731862234635),(-0.5408989079076649, 0.5365001996095917),(-0.19334821095964616, 0.288389454737797),(-0.4263016620487837, 0.39455477729899585),(-0.2772074054235868, 0.300366537649899),(-0.3767299750203014, 0.2741262351215939),(nan, nan)
(-0.9715381041090685, -0.29218361115940555),(-3.3808620002730034, 2.2293944787924587),(-1.8606355965736943, 0.7173757744482981),(-0.9947842001336529, 0.1241605667640675),(-1.3718635932577428, 0.2589660129466679),(-4.79530910202052, 3.411123969943581),(-2.920119666665713, 1.4979308117445593),(-1.7311907167536, 0.34169685838277286),(-2.9364713963724958, 1.9682931636556293),(-2.6668699675974588, 1.5567976770692762),(-0.19334821095964616, 0.288389454737797),(-1.4901807035479315, 1.4092706191579074),(-0.7169999495856858, 0.7263601975406462),(-0.9201272709429733, 0.8432731862234635),(-0.5408989079076649, 0.5365001996095917),(-0.19334821095964616, 0.288389454737797),(-0.4263016620487837, 0.39455477729899585),(-0.2772074054235868, 0.300366537649899),(-0.3767299750203014, 0.2741262351215939),(nan, nan)
(-0.9715381041090685, -0.29218361115940555),(-3.3808620002730034, 2.2293944787924587),(-1.8606355965736943, 0.7173757744482981),(-0.9947842001336529, 0.1241605667640675),(-1.3718635932577428, 0.2589660129466679),(-4.79530910202052, 3.411123969943581),(-2.920119666665713, 1.4979308117445593),(-1.7311907167536, 0.34169685838277286),(-2.9364713963724958, 1.9682931636556293),(-2.6668699675974588, 1.5567976770692762),(-0.19334821095964616, 0.288389454737797),(-1.4901807035479315, 1.4092706191579074),(-0.7169999495856858, 0.7263601975406462),(-0.9201272709429733, 0.8432731862234635),(-0.5408989079076649, 0.5365001996095917),(-0.19334821095964616, 0.288389454737797),(-0.4263016620487837, 0.39455477729899585),(-0.2772074054235868, 0.300366537649899),(-0.3767299750203014, 0.2741262351215939),(nan, nan)
(-0.9715381041090685, -0.29218361115940555),(-3.3808620002730034, 2.2293944787924587),(-1.8606355965736943, 0.7173757744482981),(-0.9947842001336529, 0.1241605667640675),(-1.3718635932577428, 0.2589660129466679),(-4.79530910202052, 3.411123969943581),(-2.920119666665713, 1.4979308117445593),(-1.7311907167536, 0.34169685838277286),(-2.9364713963724958, 1.9682931636556293),(-2.6668699675974588, 1.5567976770692762),(-0.19334821095964616, 0.288389454737797),(-1.4901807035479315, 1.4092706191579074),(-0.7169999495856858, 0.7263601975406462),(-0.9201272709429733, 0.8432731862234635),(-0.5408989079076649, 0.5365001996095917),(-0.19334821095964616, 0.288389454737797),(-0.4263016620487837, 0.39455477729899585),(-0.2772074054235868, 0.300366537649899),(-0.3767299750203014, 0.2741262351215939),(nan, nan)
(-0.9715381041090685, -0.29218361115940555),(-3.3808620002730034, 2.2293944787924587),(-1.8606355965736943, 0.7173757744482981),(-0.9947842001336529, 0.1241605667640675),(-1.3718635932577428, 0.2589660129466679),(-4.79530910202052, 3.411123969943581),(-2.920119666665713, 1.4979308117445593),(-1.7311907167536, 0.34169685838277286),(-2.9364713963724958, 1.9682931636556293),(-2.6668699675974588, 1.5567976770692762),(-0.19334821095964616, 0.288389454737797),(-1.4901807035479315, 1.4092706191579074),(-0.7169999495856858, 0.7263601975406462),(-0.9201272709429733, 0.8432731862234635),(-0.5408989079076649, 0.5365001996095917),(-0.19334821095964616, 0.288389454737797),(-0.4263016620487837, 0.39455477729899585),(-0.2772074054235868, 0.300366537649899),(-0.3767299750203014, 0.2741262351215939),(nan, nan)
(-0.9715381041090685, -0.29218361115940555),(-3.3808620002730034, 2.2293944787924587),(-1.8606355965736943, 0.7173757744482981),(-0.9947842001336529, 0.1241605667640675),(-1.3718635932577428, 0.2589660129466679),(-4.79530910202052, 3.411123969943581),(-2.920119666665713, 1.4979308117445593),(-1.7311907167536, 0.34169685838277286),(-2.9364713963724958, 1.9682931636556293),(-2.6668699675974588, 1.5567976770692762),(-0.19334821095964616, 0.288389454737797),(-1.4901807035479315, 1.4092706191579074),(-0.7169999495856858, 0.7263601975406462),(-0.9201272709429733, 0.8432731862234635),(-0.5408989079076649, 0.5365001996095917),(-0.19334821095964616, 0.288389454737797),(-0.4263016620487837, 0.39455477729899585),(-0.2772074054235868, 0.300366537649899),(-0.3767299750203014, 0.2741262351215939),(nan, nan)
(-0.9715381041090685, -0.29218361115940555),(-3.3808620002730034, 2.2293944787924587),(-1.8606355965736943, 0.7173757744482981),(-0.9947842001336529, 0.1241605667640675),(-1.3718635932577428, 0.2589660129466679),(-4.79530910202052, 3.411123969943581),(-2.920119666665713, 1.4979308117445593),(-1.7311907167536, 0.34169685838277286),(-2.9364713963724958, 1.9682931636556293),(-2.6668699675974588, 1.5567976770692762),(-0.19334821095964616, 0.288389454737797),(-1.4901807035479315, 1.4092706191579074),(-0.7169999495856858, 0.7263601975406462),(-0.9201272709429733, 0.8432731862234635),(-0.5408989079076649, 0.5365001996095917),(-0.19334821095964616, 0.288389454737797),(-0.4263016620487837, 0.39455477729899585),(-0.2772074054235868, 0.300366537649899),(-0.3767299750203014, 0.2741262351215939),(nan, nan)
(-0.9715381041090685, -0.29218361115940555),(-3.3808620002730034, 2.2293944787924587),(-1.8606355965736943, 0.7173757744482981),(-0.9947842001336529, 0.1241605667640675),(-1.3718635932577428, 0.2589660129466679),(-4.79530910202052, 3.411123969943581),(-2.920119666665713, 1.4979308117445593),(-1.7311907167536, 0.34169685838277286),(-2.9364713963724958, 1.9682931636556293),(-2.6668699675974588, 1.5567976770692762),(-0.19334821095964616, 0.288389454737797),(-1.4901807035479315, 1.4092706191579074),(-0.7169999495856858, 0.7263601975406462),(-0.9201272709429733, 0.8432731862234635),(-0.5408989079076649, 0.5365001996095917),(-0.19334821095964616, 0.288389454737797),(-0.4263016620487837, 0.39455477729899585),(-0.2772074054235868, 0.300366537649899),(-0.3767299750203014, 0.2741262351215939),(nan, nan)
(-0.9715381041090685, -0.29218361115940555),(-3.3808620002730034, 2.2293944787924587),(-1.8606355965736943, 0.7173757744482981),(-0.9947842001336529, 0.1241605667640675),(-1.3718635932577428, 0.2589660129466679),(-4.79530910202052, 3.411123969943581),(-2.920119666665713, 1.4979308117445593),(-1.7311907167536, 0.34169685838277286),(-2.9364713963724958, 1.9682931636556293),(-2.6668699675974588, 1.5567976770692762),(-0.19334821095964616, 0.288389454737797),(-1.4901807035479315, 1.4092706191579074),(-0.7169999495856858, 0.7263601975406462),(-0.9201272709429733, 0.8432731862234635),(-0.5408989079076649, 0.5365001996095917),(-0.19334821095964616, 0.288389454737797),(-0.4263016620487837, 0.39455477729899585),(-0.2772074054235868, 0.300366537649899),(-0.3767299750203014, 0.2741262351215939),(nan, nan)
(-0.9715381041090685, -0.29218361115940555),(-3.3808620002730034, 2.2293944787924587),(-1.8606355965736943, 0.7173757744482981),(-0.9947842001336529, 0.1241605667640675),(-1.3718635932577428, 0.2589660129466679),(-4.79530910202052, 3.411123969943581),(-2.920119666665713, 1.4979308117445593),(-1.7311907167536, 0.34169685838277286),(-2.9364713963724958, 1.9682931636556293),(-2.6668699675974588, 1.5567976770692762),(-0.19334821095964616, 0.288389454737797),(-1.4901807035479315, 1.4092706191579074),(-0.7169999495856858, 0.7263601975406462),(-0.9201272709429733, 0.8432731862234635),(-0.5408989079076649, 0.5365001996095917),(-0.19334821095964616, 0.288389454737797),(-0.4263016620487837, 0.39455477729899585),(-0.2772074054235868, 0.300366537649899),(-0.3767299750203014, 0.2741262351215939),(nan, nan)
(-0.9715381041090685, -0.29218361115940555),(-3.3808620002730034, 2.2293944787924587),(-1.8606355965736943, 0.7173757744482981),(-0.9947842001336529, 0.1241605667640675),(-1.3718635932577428, 0.2589660129466679),(-4.79530910202052, 3.411123969943581),(-2.920119666665713, 1.4979308117445593),(-1.7311907167536, 0.34169685838277286),(-2.9364713963724958, 1.9682931636556293),(-2.6668699675974588, 1.5567976770692762),(-0.19334821095964616, 0.288389454737797),(-1.4901807035479315, 1.4092706191579074),(-0.7169999495856858, 0.7263601975406462),(-0.9201272709429733, 0.8432731862234635),(-0.5408989079076649, 0.5365001996095917),(-0.19334821095964616, 0.288389454737797),(-0.4263016620487837, 0.39455477729899585),(-0.2772074054235868, 0.300366537649899),(-0.3767299750203014, 0.2741262351215939),(nan, nan)
(-0.9715381041090685, -0.29218361115940555),(-3.3808620002730034, 2.2293944787924587),(-1.8606355965736943, 0.7173757744482981),(-0.9947842001336529, 0.1241605667640675),(-1.3718635932577428, 0.2589660129466679),(-4.79530910202052, 3.411123969943581),(-2.920119666665713, 1.4979308117445593),(-1.7311907167536, 0.34169685838277286),(-2.9364713963724958, 1.9682931636556293),(-2.6668699675974588, 1.5567976770692762),(-0.19334821095964616, 0.288389454737797),(-1.4901807035479315, 1.4092706191579074),(-0.7169999495856858, 0.7263601975406462),(-0.9201272709429733, 0.8432731862234635),(-0.5408989079076649, 0.5365001996095917),(-0.19334821095964616, 0.288389454737797),(-0.4263016620487837, 0.39455477729899585),(-0.2772074054235868, 0.300366537649899),(-0.3767299750203014, 0.2741262351215939),(nan, nan)
(-0.9715381041090685, -0.29218361115940555),(-3.3808620002730034, 2.2293944787924587),(-1.8606355965736943, 0.7173757744482981),(-0.9947842001336529, 0.1241605667640675),(-1.3718635932577428, 0.2589660129466679),(-4.79530910202052, 3.411123969943581),(-2.920119666665713, 1.4979308117445593),(-1.7311907167536, 0.34169685838277286),(-2.9364713963724958, 1.9682931636556293),(-2.6668699675974588, 1.5567976770692762),(-0.19334821095964616, 0.288389454737797),(-1.4901807035479315, 1.4092706191579074),(-0.7169999495856858, 0.7263601975406462),(-0.9201272709429733, 0.8432731862234635),(-0.5408989079076649, 0.5365001996095917),(-0.19334821095964616, 0.288389454737797),(-0.4263016620487837, 0.39455477729899585),(-0.2772074054235868, 0.300366537649899),(-0.3767299750203014, 0.2741262351215939),(nan, nan)
(-0.9715381041090685, -0.29218361115940555),(-3.3808620002730034, 2.2293944787924587),(-1.8606355965736943, 0.7173757744482981),(-0.9947842001336529, 0.1241605667640675),(-1.3718635932577428, 0.2589660129466679),(-4.79530910202052, 3.411123969943581),(-2.920119666665713, 1.4979308117445593),(-1.7311907167536, 0.34169685838277286),(-2.9364713963724958, 1.9682931636556293),(-2.6668699675974588, 1.5567976770692762),(-0.19334821095964616, 0.288389454737797),(-1.4901807035479315, 1.4092706191579074),(-0.7169999495856858, 0.7263601975406462),(-0.9201272709429733, 0.8432731862234635),(-0.5408989079076649, 0.5365001996095917),(-0.19334821095964616, 0.288389454737797),(-0.4263016620487837, 0.39455477729899585),(-0.2772074054235868, 0.300366537649899),(-0.3767299750203014, 0.2741262351215939),(nan, nan)
(-0.9715381041090685, -0.29218361115940555),(-3.3808620002730034, 2.2293944787924587),(-1.8606355965736943, 0.7173757744482981),(-0.9947842001336529, 0.1241605667640675),(-1.3718635932577428, 0.2589660129466679),(-4.79530910202052, 3.411123969943581),(-2.920119666665713, 1.4979308117445593),(-1.7311907167536, 0.34169685838277286),(-2.9364713963724958, 1.9682931636556293),(-2.6668699675974588, 1.5567976770692762),(-0.19334821095964616, 0.288389454737797),(-1.4901807035479315, 1.4092706191579074),(-0.7169999495856858, 0.7263601975406462),(-0.9201272709429733, 0.8432731862234635),(-0.5408989079076649, 0.5365001996095917),(-0.19334821095964616, 0.288389454737797),(-0.4263016620487837, 0.39455477729899585),(-0.2772074054235868, 0.300366537649899),(-0.3767299750203014, 0.2741262351215939),(nan, nan)
(-0.9715381041090685, -0.29218361115940555),(-3.3808620002730034, 2.2293944787924587),(-1.8606355965736943, 0.7173757744482981),(-0.9947842001336529, 0.1241605667640675),(-1.3718635932577428, 0.2589660129466679),(-4.79530910202052, 3.411123969943581),(-2.920119666665713, 1.4979308117445593),(-1.7311907167536, 0.34169685838277286),(-2.9364713963724958, 1.9682931636556293),(-2.6668699675974588, 1.5567976770692762),(-0.19334821095964616, 0.288389454737797),(-1.4901807035479315, 1.4092706191579074),(-0.7169999495856858, 0.7263601975406462),(-0.9201272709429733, 0.8432731862234635),(-0.5408989079076649, 0.5365001996095917),(-0.19334821095964616, 0.288389454737797),(-0.4263016620487837, 0.39455477729899585),(-0.2772074054235868, 0.300366537649899),(-0.3767299750203014, 0.2741262351215939),(nan, nan)
(-0.9715381041090685, -0.29218361115940555),(-3.3808620002730034, 2.2293944787924587),(-1.8606355965736943, 0.7173757744482981),(-0.9947842001336529, 0.1241605667640675),(-1.3718635932577428, 0.2589660129466679),(-4.79530910202052, 3.411123969943581),(-2.920119666665713, 1.4979308117445593),(-1.7311907167536, 0.34169685838277286),(-2.9364713963724958, 1.9682931636556293),(-2.6668699675974588, 1.5567976770692762),(-0.19334821095964616, 0.288389454737797),(-1.4901807035479315, 1.4092706191579074),(-0.7169999495856858, 0.7263601975406462),(-0.9201272709429733, 0.8432731862234635),(-0.5408989079076649, 0.5365001996095917),(-0.19334821095964616, 0.288389454737797),(-0.4263016620487837, 0.39455477729899585),(-0.2772074054235868, 0.300366537649899),(-0.3767299750203014, 0.2741262351215939),(nan, nan)
(-0.9715381041090685, -0.29218361115940555),(-3.3808620002730034, 2.2293944787924587),(-1.8606355965736943, 0.7173757744482981),(-0.9947842001336529, 0.1241605667640675),(-1.3718635932577428, 0.2589660129466679),(-4.79530910202052, 3.411123969943581),(-2.920119666665713, 1.4979308117445593),(-1.7311907167536, 0.34169685838277286),(-2.9364713963724958, 1.9682931636556293),(-2.6668699675974588, 1.5567976770692762),(-0.19334821095964616, 0.288389454737797),(-1.4901807035479315, 1.4092706191579074),(-0.7169999495856858, 0.7263601975406462),(-0.9201272709429733, 0.8432731862234635),(-0.5408989079076649, 0.5365001996095917),(-0.19334821095964616, 0.288389454737797),(-0.4263016620487837, 0.39455477729899585),(-0.2772074054235868, 0.300366537649899),(-0.3767299750203014, 0.2741262351215939),(nan, nan)
(-0.9715381041090685, -0.29218361115940555),(-3.3808620002730034, 2.2293944787924587),(-1.8606355965736943, 0.7173757744482981),(-0.9947842001336529, 0.1241605667640675),(-1.3718635932577428, 0.2589660129466679),(-4.79530910202052, 3.411123969943581),(-2.920119666665713, 1.4979308117445593),(-1.7311907167536, 0.34169685838277286),(-2.9364713963724958, 1.9682931636556293),(-2.6668699675974588, 1.5567976770692762),(-0.19334821095964616, 0.288389454737797),(-1.4901807035479315, 1.4092706191579074),(-0.7169999495856858, 0.7263601975406462),(-0.9201272709429733, 0.8432731862234635),(-0.5408989079076649, 0.5365001996095917),(-0.19334821095964616, 0.288389454737797),(-0.4263016620487837, 0.39455477729899585),(-0.2772074054235868, 0.300366537649899),(-0.3767299750203014, 0.2741262351215939),(nan, nan)
(-0.9715381041090685, -0.29218361115940555),(-3.3808620002730034, 2.2293944787924587),(-1.8606355965736943, 0.7173757744482981),(-0.9947842001336529, 0.1241605667640675),(-1.3718635932577428, 0.2589660129466679),(-4.79530910202052, 3.411123969943581),(-2.920119666665713, 1.4979308117445593),(-1.7311907167536, 0.34169685838277286),(-2.9364713963724958, 1.9682931636556293),(-2.6668699675974588, 1.5567976770692762),(-0.19334821095964616, 0.288389454737797),(-1.4901807035479315, 1.4092706191579074),(-0.7169999495856858, 0.7263601975406462),(-0.9201272709429733, 0.8432731862234635),(-0.5408989079076649, 0.5365001996095917),(-0.19334821095964616, 0.288389454737797),(-0.4263016620487837, 0.39455477729899585),(-0.2772074054235868, 0.300366537649899),(-0.3767299750203014, 0.2741262351215939),(nan, nan)
Comparison with standard

-0.741881681070122,-0.5218400341984238
-1.4843095395406718,0.33284201805953495
-0.989136436463613,-0.15412338566205513
-0.6165238729984958,-0.25409976037120774
-0.820560116451754,-0.29233746385949305
-2.0211167108980925,0.6369315788202882
-1.426593561801357,0.004404706879736819
-1.0304491292493452,-0.35904472912170093
-1.2784111400642861,0.3102329073469025
-1.2390551618574948,0.12898287132886654
-0.030496341581630414,0.1255375853597304
-0.5100184665146308,0.4291083821243008
-0.22907069911915212,0.23843094707396023
-0.3240080937226441,0.24715400900294818
-0.17668312986304974,0.17228442156486273
-0.030496341581630414,0.1255375853597304
-0.14881037341302117,0.11706348866314664
-0.08195799265995449,0.10511712488620567
-0.15670742319337488,0.05410368329459865
nan,nan
